1000 2.4
2000 6.2
3000 7.6
4000 10.2
5000 12.8
6000 15.3
7000 20.6
8000 20.3
9000 22.9
10000 25.9
11000 28.1
12000 30.5
13000 33.1
14000 38.7
15000 38.1
16000 40.8
17000 43.3
18000 45.7
19000 48.9
20000 51
21000 54
22000 55.9
23000 58.4
24000 63.5
25000 63.6
26000 66.1
27000 95.3
28000 76.3
29000 79.1
30000 82.4
31000 94.9
32000 88.6
33000 90.9
34000 92.8
35000 89.1
36000 104.7
37000 94.2
38000 96.9
39000 99.2
40000 104
41000 104.3
42000 107.8
43000 109.4
44000 115.8
45000 115.2
46000 117.7
47000 119.8
48000 122
49000 125.5
50000 127.4
51000 130.6
52000 135
53000 137.4
54000 138.2
55000 140.1
56000 143.2
57000 147.2
58000 148.1
59000 152.6
60000 158.7
61000 155.7
62000 158.6
63000 165.4
64000 165
65000 166.2
66000 171
67000 175.1
68000 174.2
69000 176.4
70000 180.8
71000 183.4
72000 186.3
73000 188.4
74000 189.2
75000 191.7
76000 193.7
77000 197.3
78000 203.3
79000 203.5
80000 205.4
81000 207.3
82000 211.5
83000 218.6
84000 222.9
85000 217.3
86000 219.6
87000 222.2
88000 227.4
89000 230
90000 234.6
91000 235.1
92000 235.3
93000 242.6
94000 241.7
95000 244.1
96000 245.7
97000 251.8
98000 250.5
99000 253.2
