1000 2.6
2000 5.2
3000 7.7
4000 10.3
5000 12.7
6000 18.5
7000 17.8
8000 20.4
9000 22.9
10000 25.2
11000 27.8
12000 30.4
13000 33.1
14000 35.6
15000 40.4
16000 40.7
17000 43.2
18000 45.7
19000 48.3
20000 50.8
21000 56.2
22000 55.9
23000 58.3
24000 60.8
25000 63.4
26000 66
27000 68.8
28000 76.4
29000 74.6
30000 76.3
31000 81.3
32000 81.4
33000 83.9
34000 86.6
35000 89
36000 91.5
37000 94
38000 96.8
39000 100.1
40000 102.4
41000 104.5
42000 107
43000 110.3
44000 112.1
45000 114.9
46000 117.5
47000 120.2
48000 122.2
49000 125.3
50000 127.4
51000 129.9
52000 132.9
53000 135.2
54000 137.7
55000 139.7
56000 142.4
57000 145
58000 147.3
59000 149.9
60000 152.7
61000 155.1
62000 157.7
63000 160.5
64000 163.2
65000 166
66000 175.6
67000 184.2
68000 185.2
69000 187.9
70000 220.2
71000 195.7
72000 196.7
73000 238.8
74000 188.3
75000 190.8
76000 193.4
77000 198.7
78000 200.8
79000 203.1
80000 203.6
81000 205.9
82000 211
83000 213.1
84000 213.7
85000 216
86000 221
87000 223.4
88000 224
89000 227.2
90000 229.4
91000 231.6
92000 234.1
93000 237.3
94000 241.6
95000 241.5
96000 244.5
97000 247.2
98000 249.4
99000 252.1
